-,-,-
-123.779297, -852.294922, -68.115234
-61.767578, -920.654297, 19.042969
-46.630859, -972.412109, 42.968750
-41.748047, -1014.892578, 87.890625
-36.865234, -1000.732422, 79.101562
-64.697266, -997.802734, 45.898438
23.925781, -1025.146484, 155.273438
-114.990234, -1028.076172, 38.574219
-223.388672, -885.009766, -490.478516
-102.783203, -493.896484, -828.369141
-267.822266, 260.253906, -700.439453
-338.623047, 954.589844, -7.568359
1999.755859, 221.191406, 1999.755859
-920.166016, 566.406250, 1450.683594
370.117188, 274.414062, 1442.871094
-269.775391, 125.976562, 1868.652344
268.554688, 192.871094, 1444.335938
-,-,-
-230.712891, -848.876953, -283.447266
150.878906, -707.763672, 304.199219
-40.771484, -625.244141, -394.775391
355.957031, -271.240234, 775.390625
-279.052734, -164.794922, 172.851562
909.179688, 1018.554688, 1291.015625
-342.529297, 589.843750, 1538.085938
322.753906, 326.171875, 1692.871094
338.378906, 391.601562, 1525.878906
-115.966797, 235.351562, 1600.097656
-,-,-
250.000000, -759.521484, 449.707031
53.222656, -677.490234, -175.537109
123.535156, -537.841797, 185.058594
341.796875, -468.505859, 840.820312
-527.099609, 188.476562, -231.201172
520.019531, -110.107422, 1528.320312
12.207031, 332.031250, 610.351562
814.941406, -28.564453, 1861.816406
-170.654297, 248.046875, 1332.519531
767.578125, 0.488281, 1795.410156
-242.431641, 264.160156, 1498.535156
-,-,-
-94.970703, -925.537109, 55.175781
-93.994141, -875.732422, -154.052734
178.710938, -864.501953, 522.949219
-90.087891, -822.998047, -118.896484
15.136719, -555.908203, 0.488281
229.492188, -485.107422, 640.136719
-427.490234, 142.089844, -182.861328
1331.542969, 429.687500, 1999.755859
-362.548828, 460.449219, 1357.910156
249.511719, 558.593750, 1371.582031
115.234375, 320.312500, 1795.898438
-,-,-
-268.310547, -842.041016, -426.513672
-54.443359, -765.380859, 204.101562
-236.572266, -614.013672, -518.310547
385.742188, -545.654297, 1192.382812
-387.939453, -174.072266, -322.509766
260.742188, 226.562500, 1359.375000
-,-,-
118.652344, -886.474609, -31.005859
15.136719, -720.947266, 17.089844
44.433594, -429.443359, 267.089844
391.113281, -717.041016, 967.773438
352.539062, -474.853516, 812.011719
469.238281, -294.677734, 1078.613281
353.027344, -446.044922, 1256.347656
362.304688, -327.880859, 1235.351562
295.410156, -410.888672, 1108.886719
270.507812, -362.060547, 988.281250
335.937500, -198.974609, 1043.945312
-,-,-
-142.822266, -833.740234, -408.935547
-55.419922, -549.560547, -551.025391
19.531250, -515.380859, -67.138672
190.917969, -243.408203, 575.195312
212.890625, -182.373047, 693.359375
261.718750, -166.259766, 885.253906
329.101562, -350.341797, 1282.714844
315.917969, -445.068359, 1242.675781
326.171875, -320.068359, 1172.851562
292.968750, -211.669922, 1137.695312
-,-,-
-122.802734, -781.982422, -424.560547
-47.607422, -639.404297, -537.841797
83.007812, -498.779297, 127.929688
94.726562, -425.537109, 445.800781
379.882812, -630.615234, 911.132812
229.492188, -557.373047, 1095.214844
280.273438, -434.326172, 1337.402344
246.093750, -414.794922, 1393.066406
248.046875, -402.099609, 1163.085938
220.214844, -316.650391, 1174.804688
-,-,-
-51.025391, -775.146484, -585.205078
-99.365234, -601.318359, -606.689453
70.800781, -545.166016, 38.574219
70.312500, -456.298828, 139.648438
269.531250, -25.634766, 369.140625
273.437500, -412.353516, 945.312500
363.281250, -315.673828, 1334.472656
264.160156, -430.419922, 1223.144531
214.843750, -460.693359, 1085.937500
195.800781, -340.576172, 1098.632812
-,-,-
-59.814453, -670.654297, -609.130859
-113.525391, -628.662109, -688.232422
62.500000, -475.830078, -260.498047
163.574219, -421.630859, 330.078125
354.492188, -235.595703, 523.437500
264.160156, -553.955078, 824.707031
345.214844, -357.177734, 1073.730469
333.984375, -298.583984, 1137.695312
321.777344, -276.123047, 1212.890625
313.476562, -246.826172, 1314.941406
332.031250, -279.052734, 1442.382812
-,-,-
-28.076172, -792.236328, -447.021484
-33.935547, -620.849609, -753.173828
51.269531, -507.568359, -131.103516
78.125000, -486.083984, 267.089844
381.347656, -284.423828, 433.105469
320.312500, -640.380859, 836.914062
476.562500, -298.583984, 1345.703125
412.109375, -254.638672, 1249.023438
485.839844, -185.791016, 1387.695312
338.378906, -267.333984, 1270.507812
353.027344, -246.826172, 1286.132812
-,-,-
-84.716797, -722.900391, -627.685547
-53.466797, -633.544922, -704.833984
12.207031, -733.154297, -76.416016
48.828125, -581.787109, 121.093750
224.121094, -590.576172, 843.750000
313.476562, -730.224609, 946.777344
318.359375, -279.541016, 1265.136719
406.250000, -355.712891, 1226.562500
496.093750, -171.630859, 1284.179688
477.050781, -258.544922, 1241.699219
-,-,-
-104.248047, -685.302734, -541.748047
-142.333984, -806.396484, -646.240234
-15.380859, -592.041016, -50.537109
137.695312, -417.724609, 404.296875
347.167969, -416.748047, 723.632812
462.402344, -442.626953, 1014.160156
331.542969, -64.208984, 1500.976562
360.839844, -238.525391, 1409.179688
361.328125, -171.630859, 1444.335938
-,-,-
-125.244141, -623.291016, -713.134766
-40.771484, -513.427734, -516.357422
106.445312, -551.025391, 255.859375
145.507812, -300.537109, 444.335938
340.332031, -235.595703, 1043.945312
153.808594, -232.666016, 1238.281250
355.957031, 96.191406, 1572.265625
303.710938, -129.638672, 1557.617188
228.515625, -278.076172, 1373.535156
-,-,-
-90.087891, -879.638672, -700.927734
108.398438, -621.826172, -275.146484
31.738281, -774.169922, 28.320312
102.050781, -367.431641, 401.367188
129.394531, -609.130859, 871.093750
148.925781, -314.697266, 1045.898438
207.519531, -183.349609, 1245.605469
118.652344, -267.333984, 1186.035156
233.886719, -198.974609, 1456.054688
-,-,-
-121.826172, -884.521484, -523.193359
-44.677734, -622.314453, -560.791016
-109.619141, -718.505859, 97.167969
123.046875, -346.435547, 312.500000
176.757812, -577.392578, 931.640625
110.839844, -311.767578, 949.218750
89.355469, -145.751953, 1177.734375
208.007812, -29.052734, 1408.203125
118.164062, -288.330078, 1542.480469
98.632812, -408.447266, 1477.539062
-,-,-
-127.685547, -726.318359, -559.326172
-133.056641, -655.029297, -657.470703
22.460938, -596.435547, 191.406250
16.601562, -407.470703, 94.238281
386.718750, -462.646484, 1213.867188
-12.451172, -532.470703, 886.718750
131.347656, -113.037109, 1186.035156
89.843750, -164.306641, 1414.550781
152.832031, -153.076172, 1458.984375
112.792969, -324.951172, 1462.890625
-,-,-
-107.666016, -876.708984, -720.947266
61.035156, -543.701172, -378.173828
79.101562, -529.541016, 22.460938
96.191406, -384.521484, 361.816406
234.863281, -414.794922, 927.734375
135.742188, -345.458984, 1003.906250
118.652344, -63.232422, 1612.304688
161.621094, -147.216797, 1671.875000
62.011719, -392.333984, 1586.914062
188.964844, -304.443359, 1363.281250
-,-,-
-45.166016, -805.419922, -461.669922
-33.935547, -549.560547, -437.744141
141.113281, -367.919922, -2.197266
185.546875, -409.912109, 505.371094
309.082031, -156.005859, 913.085938
418.945312, -156.982422, 1244.628906
373.535156, -125.732422, 1269.531250
296.875000, -207.763672, 1291.992188
250.976562, -117.919922, 1380.859375
224.609375, -233.154297, 1573.242188
-,-,-
-362.548828, -802.490234, -564.697266
-164.794922, -584.228516, -461.669922
-195.068359, -459.228516, -110.595703
241.210938, -71.044922, 524.902344
406.738281, -437.255859, 945.312500
235.839844, -284.423828, 1063.476562
315.917969, -143.798828, 1408.203125
243.652344, -188.232422, 1338.378906
201.171875, -310.302734, 1392.089844
177.246094, -316.162109, 1348.632812
-,-,-
-273.681641, -772.216797, -383.544922
-213.134766, -697.998047, -691.650391
-218.994141, -627.685547, -53.466797
112.304688, -300.537109, 344.726562
416.503906, 208.007812, 678.222656
490.722656, -105.224609, 1010.253906
329.589844, -163.330078, 1315.429688
296.875000, -196.044922, 1316.894531
332.519531, -144.775391, 1295.410156
319.824219, -188.720703, 1349.609375
-,-,-
-124.755859, -503.173828, -427.490234
-67.138672, -523.193359, -182.861328
134.765625, -392.333984, 475.585938
170.410156, -307.861328, 936.523438
261.718750, -183.349609, 1022.460938
232.421875, -36.865234, 1310.546875
253.906250, -50.537109, 1564.941406
164.062500, -277.099609, 1537.597656
187.500000, -249.755859, 1499.023438
-,-,-
-404.541016, -780.029297, -877.685547
-227.294922, -691.162109, -460.693359
64.453125, -314.697266, 273.437500
135.742188, -185.302734, 706.054688
237.304688, -289.794922, 804.687500
158.203125, -163.330078, 1110.839844
174.316406, -3.173828, 1395.996094
231.445312, -30.517578, 1502.929688
277.832031, -165.771484, 1589.843750
248.535156, -238.525391, 1416.992188
-,-,-
-227.294922, -485.107422, -823.974609
-211.181641, -543.701172, -487.548828
-28.076172, -272.216797, 434.082031
88.867188, -529.052734, 802.734375
121.093750, -489.990234, 792.480469
158.203125, -242.919922, 1140.625000
147.460938, -233.154297, 1185.058594
189.941406, -206.787109, 1359.863281
117.675781, -269.287109, 1256.347656
135.253906, -323.974609, 1329.101562
-,-,-
-235.595703, -554.931641, -772.705078
-211.181641, -706.787109, -304.931641
-82.275391, -281.494141, 284.667969
39.062500, -465.576172, 752.441406
178.710938, -353.271484, 1081.054688
128.906250, -181.396484, 1329.101562
165.039062, -120.361328, 1437.500000
117.675781, -237.548828, 1452.636719
124.023438, -323.974609, 1378.906250
161.621094, -308.349609, 1208.007812
-,-,-
-281.982422, -678.466797, -703.857422
-271.240234, -567.138672, -814.697266
-168.212891, -484.619141, -347.412109
89.843750, -137.451172, 417.480469
95.214844, 75.195312, 563.964844
420.898438, 220.703125, 1495.117188
347.167969, 181.640625, 1602.050781
258.300781, -59.326172, 1451.171875
202.148438, -196.533203, 1343.750000
179.687500, -197.021484, 1167.480469
-,-,-
-146.728516, -650.146484, -479.248047
-108.642578, -694.091797, -90.087891
66.894531, -411.376953, 111.816406
299.316406, -151.123047, 885.253906
347.167969, 2.441406, 1131.347656
405.761719, 129.882812, 1532.226562
329.589844, -52.490234, 1383.789062
257.324219, -148.193359, 1399.414062
264.160156, -181.396484, 1448.730469
281.250000, -149.169922, 1347.656250
-,-,-
-96.435547, -578.369141, -553.466797
-64.697266, -535.888672, -7.568359
71.777344, -292.724609, 291.992188
268.554688, -66.162109, 771.972656
362.792969, 134.765625, 1277.343750
445.312500, 156.250000, 1535.156250
336.425781, -4.638672, 1502.441406
265.625000, -168.212891, 1487.792969
247.070312, -190.185547, 1314.941406
298.339844, -142.822266, 1225.097656
-,-,-
-64.208984, -649.169922, -367.919922
-70.068359, -781.005859, 166.992188
15.136719, -438.720703, 231.445312
121.093750, -260.986328, 705.078125
270.019531, -31.005859, 1221.679688
293.457031, -18.310547, 1480.468750
333.984375, 70.800781, 1622.070312
229.003906, -172.607422, 1442.382812
218.750000, -217.041016, 1288.085938
202.148438, -126.708984, 1170.898438
-,-,-
-86.181641, -451.904297, -87.646484
-20.751953, -450.927734, 384.765625
75.195312, -454.345703, 954.101562
159.179688, -270.263672, 925.781250
257.324219, -85.693359, 1339.355469
243.652344, -119.384766, 1438.476562
200.683594, -128.662109, 1438.476562
175.292969, -141.845703, 1229.492188
171.386719, -133.544922, 1312.500000
-,-,-
-203.857422, -739.990234, -545.166016
-156.005859, -607.177734, -608.642578
4.882812, -357.666016, 288.574219
7.324219, -193.115234, 738.769531
136.718750, -298.583984, 1141.113281
194.824219, -151.123047, 1372.558594
165.039062, -125.244141, 1563.476562
153.320312, -210.693359, 1543.457031
112.792969, -379.638672, 1345.703125
116.210938, -357.177734, 1196.289062
-,-,-
-289.306641, -489.013672, -693.603516
-234.619141, -535.888672, -218.505859
-59.814453, -466.552734, 269.042969
-14.892578, -283.935547, 714.355469
191.894531, -94.970703, 1271.484375
-16.357422, 378.417969, 1703.125000
144.531250, -43.701172, 1750.488281
130.371094, -190.185547, 1504.394531
153.808594, -318.115234, 1338.378906
-,-,-
-161.376953, -462.646484, -631.591797
-106.201172, -575.439453, -249.755859
77.636719, -237.548828, 250.976562
62.500000, -265.380859, 512.695312
133.300781, -53.466797, 980.957031
112.304688, -16.357422, 1468.261719
173.828125, 41.015625, 1661.132812
110.839844, -92.529297, 1700.195312
89.355469, -166.259766, 1544.433594
136.718750, -192.626953, 1383.789062
-,-,-
-125.732422, -629.638672, -594.482422
-163.818359, -575.927734, -422.607422
38.574219, -496.826172, 338.378906
-39.306641, -327.880859, 530.273438
233.398438, -186.279297, 1040.527344
121.093750, -146.728516, 1175.781250
180.664062, 41.015625, 1527.832031
135.742188, -117.919922, 1506.347656
128.417969, -271.240234, 1429.199219
145.507812, -192.626953, 1326.171875
-,-,-
-108.154297, -647.705078, -465.576172
51.757812, -496.826172, 67.382812
-33.935547, -719.970703, 442.382812
45.898438, -111.083984, 586.425781
275.390625, -279.052734, 1369.140625
255.859375, 65.429688, 1443.359375
216.796875, -19.287109, 1529.296875
192.382812, -113.037109, 1503.906250
152.343750, -229.248047, 1360.839844
-,-,-
-122.802734, -695.068359, -513.427734
-54.443359, -485.107422, -408.935547
14.648438, -582.763672, 195.312500
-10.009766, -403.076172, 575.195312
109.375000, -447.998047, 1130.371094
141.113281, -163.818359, 1329.101562
166.992188, -140.380859, 1460.937500
145.507812, -163.818359, 1428.222656
172.851562, -188.232422, 1395.996094
-,-,-
-65.185547, -674.560547, -265.869141
-82.763672, -635.498047, 2.441406
-18.310547, -583.740234, 551.757812
0.488281, -365.966797, 743.164062
137.695312, -160.888672, 1270.507812
157.226562, -8.544922, 1544.433594
81.542969, -10.498047, 1455.566406
96.191406, -193.603516, 1452.636719
91.796875, -265.869141, 1359.863281
-,-,-
-187.255859, -701.904297, -423.583984
-184.326172, -558.349609, -316.650391
-15.869141, -466.552734, 526.855469
79.589844, -234.130859, 755.859375
352.050781, -71.044922, 1388.671875
243.164062, -15.380859, 1487.792969
149.414062, -60.302734, 1411.621094
113.281250, -217.041016, 1387.207031
-,-,-
-99.853516, -709.716797, -596.435547
-86.181641, -573.974609, -478.271484
-56.396484, -576.416016, 12.695312
111.816406, -282.958984, 498.046875
49.316406, -131.591797, 770.019531
300.292969, -66.162109, 1477.539062
135.253906, -22.216797, 1483.398438
227.050781, -10.498047, 1663.085938
116.699219, -308.349609, 1418.945312
-,-,-
-137.451172, -559.326172, -727.294922
-133.056641, -485.107422, -457.763672
150.878906, -253.662109, 179.687500
195.312500, -45.166016, 460.937500
212.402344, -104.248047, 1125.000000
169.921875, -40.771484, 1464.355469
251.953125, 136.718750, 1672.851562
168.457031, -72.998047, 1580.566406
126.464844, -235.107422, 1473.144531
-,-,-
-215.087891, -792.724609, -664.306641
-142.822266, -657.958984, -483.154297
-70.068359, -581.787109, -252.685547
-7.080078, -413.818359, 227.050781
14.648438, -275.146484, 559.570312
105.468750, 1.953125, 1158.203125
205.078125, 150.390625, 1523.925781
242.187500, 200.195312, 1730.957031
139.160156, -86.669922, 1523.925781
69.335938, -323.974609, 1250.000000
-,-,-
-92.529297, -630.615234, -614.990234
-46.142578, -668.701172, -362.060547
-119.384766, -574.462891, -190.673828
-21.728516, -497.802734, 268.554688
-6.591797, -404.052734, 631.835938
251.953125, -226.318359, 1171.875000
140.136719, -195.068359, 1244.628906
167.968750, -55.419922, 1429.199219
190.917969, -26.123047, 1489.746094
142.089844, -106.201172, 1455.566406
165.039062, -114.013672, 1396.972656
-,-,-
-246.826172, -425.537109, -775.634766
-216.552734, -580.810547, -413.330078
-189.697266, -561.279297, 107.421875
-84.716797, -504.150391, 800.781250
126.953125, -168.212891, 998.535156
169.433594, -106.201172, 1276.367188
96.191406, -36.865234, 1437.500000
34.179688, -114.013672, 1447.753906
4.882812, -201.904297, 1494.140625
-,-,-
-282.470703, -638.427734, -748.779297
-244.384766, -741.943359, -597.412109
-199.462891, -808.349609, -260.498047
-86.181641, -692.138672, 3.906250
44.433594, -490.966797, 433.105469
78.613281, -341.552734, 592.773438
152.832031, -151.123047, 1109.375000
19.042969, -97.900391, 1308.593750
79.589844, -121.826172, 1418.945312
9.765625, -241.943359, 1416.503906
20.996094, -311.767578, 1394.042969
23.437500, -381.103516, 1320.312500
-,-,-
-188.232422, -646.240234, -878.662109
-100.341797, -476.318359, -494.873047
-59.326172, -476.318359, -162.841797
-81.787109, -483.154297, 267.578125
1.953125, -359.619141, 812.500000
44.433594, -281.982422, 1122.070312
74.707031, -159.912109, 1565.429688
69.335938, -99.365234, 1559.570312
-18.310547, -195.068359, 1452.636719
-,-,-
-185.302734, -585.693359, -822.021484
-160.400391, -634.521484, -699.462891
-166.748047, -674.560547, -440.185547
-96.435547, -565.185547, -207.275391
-84.716797, -449.951172, 342.285156
60.546875, -56.396484, 708.984375
136.718750, -154.052734, 1293.945312
18.554688, -111.083984, 1505.371094
46.386719, -88.623047, 1707.031250
-,-,-
-385.498047, -718.994141, -719.970703
-214.599609, -581.787109, -668.701172
-98.388672, -465.576172, -188.720703
-14.892578, -427.490234, 148.437500
28.320312, -394.287109, 623.535156
106.445312, -223.388672, 930.664062
76.660156, -222.412109, 1266.601562
130.371094, -43.212891, 1658.691406
106.445312, -166.259766, 1690.429688
-,-,-
-174.560547, -656.005859, -679.931641
-21.240234, -382.080078, -528.564453
-145.263672, -703.857422, -43.701172
-66.650391, -431.884766, 368.164062
47.363281, -403.076172, 1039.062500
108.886719, -160.888672, 1195.312500
116.699219, -114.013672, 1554.687500
127.441406, -126.708984, 1494.140625
65.917969, -280.029297, 1401.367188
-,-,-
-288.330078, -784.912109, -698.486328
-201.904297, -602.294922, -761.474609
-173.583984, -618.896484, -425.537109
-90.087891, -378.662109, -40.283203
-3.662109, -338.623047, 625.976562
69.824219, -159.912109, 980.957031
195.312500, 13.671875, 1395.019531
109.375000, -40.771484, 1590.820312
106.445312, -17.333984, 1653.808594
30.273438, -186.279297, 1511.718750
-,-,-
-153.076172, -595.458984, -917.724609
-133.056641, -623.779297, -638.916016
-128.662109, -544.677734, -395.263672
-61.767578, -540.771484, -11.474609
-189.208984, -351.318359, 340.332031
99.609375, -9.521484, 1158.203125
113.281250, 29.296875, 1562.988281
233.886719, 92.773438, 1754.882812
83.984375, -141.357422, 1557.128906
77.148438, -248.779297, 1386.718750
-,-,-
-207.763672, -667.724609, -751.220703
-229.736328, -682.373047, -825.927734
-184.326172, -689.208984, -446.044922
-92.041016, -630.615234, -165.771484
-63.232422, -472.412109, 364.257812
72.265625, -231.201172, 650.390625
194.335938, -127.197266, 1122.070312
107.421875, 42.968750, 1369.140625
128.906250, 21.484375, 1550.781250
109.863281, -126.708984, 1566.406250
-66.650391, -462.646484, 1341.796875
-31.494141, -422.607422, 1201.660156
-,-,-
-117.919922, -727.783203, -785.888672
-152.099609, -761.474609, -842.529297
-127.197266, -677.490234, -555.419922
-123.291016, -585.693359, -284.423828
-11.474609, -358.642578, 225.097656
74.218750, -187.255859, 696.777344
96.191406, -183.349609, 1118.164062
158.691406, -39.794922, 1466.308594
115.234375, -99.853516, 1595.703125
81.054688, -247.802734, 1509.765625
41.992188, -367.919922, 1287.109375
100.585938, -347.412109, 1149.414062
-,-,-
-82.275391, -630.615234, -942.626953
-17.333984, -502.197266, -739.501953
-109.619141, -544.677734, -528.564453
-32.958984, -206.787109, 70.800781
81.542969, -283.447266, 666.992188
93.750000, -169.189453, 1108.886719
93.750000, -100.341797, 1467.285156
97.167969, -120.361328, 1544.921875
82.519531, -202.880859, 1449.707031
15.625000, -270.263672, 1274.414062
18.554688, -309.814453, 1161.132812
-2.197266, -326.904297, 1095.703125
